 FACTOR  Uniform Uniform+UCT UCT 1/2-greedy+UCT  UCB[sqrt]+UCT
 0.001   48.09    44.7   45.86    44.5   43.57
 .0032   48.03   44.54   45.73   44.32   43.49
  0.01   48.15   44.45   45.72   44.18   43.65
 .0316   48.34   44.76   45.61   44.27   43.56
   0.1   48.06    44.6   45.37   44.36   43.92
 .3162   48.07   44.79   45.64   44.19   43.81
   1.0   48.12   44.53   45.19   44.25   43.64
 3.162   48.12   44.83   44.77   44.51   43.66
  10.0   48.13   44.95   44.46   44.92   43.93
 31.62   48.19   46.13   45.85   46.12   45.23
