FACTOR  Uniform Uniform+UCT UCT 1/2-greedy+UCT  UCB[sqrt]+UCT
 0.001   29.25   26.26   27.63   26.23   25.87
 .0032   29.23    26.3   27.47   26.18    26.0
  0.01    29.3   26.25   27.47   26.16   25.94
 .0316   29.29   26.13   27.31   26.43   25.89
   0.1   29.27   26.04   27.34   26.18   25.78
 .3162    29.2   26.23   27.28   26.22   25.94
   1.0   29.37   26.44   27.08   26.49   25.96
 3.162    29.4    26.4   26.65   26.37   26.08
  10.0   29.28    26.9   26.39   26.86   26.33
 31.62   29.28   28.04    27.8   28.33   27.77
