FACTOR  Uniform Uniform+UCT UCT 1/2-greedy+UCT  UCB[sqrt]+UCT
 0.001   27.77   25.42    27.0   25.41    25.6
 .0032   27.75   25.48   27.14    25.5   25.46
  0.01   27.89   25.44   27.01   25.41   25.52
 .0316    27.6   25.29    27.1   25.56   25.56
   0.1   27.55   25.62   27.04   25.54   25.52
 .3162   27.65   25.45   26.89   25.52    25.5
   1.0    27.8   25.48   26.97    25.6   25.38
 3.162   27.68   25.41   26.17   25.46   25.54
  10.0    27.8   25.49   25.61   25.66   25.53
 31.62   27.69   26.89   26.72   27.01   26.77
